10010101000101111001100011110001001011111111000101111110111111010111001010110001110010001110011010010111110110000101101010011100
10011100001100101110100000001000001101101001010111100110110011011101010110101110011000101100011001110101111101110010000101100000
10111011100011110000100111110001011110010010001001010001001001100010001100100000010010110010110010000110101101100100001001100101
10111000011100110010000011011010000110111001100101100101111010000011011111101111101100011110110000101000011100111001010101000000
01110100011010001011111001011010101111110100100000001100001100111110000110110110110100100000010101011001010001001111100000001000
10110100000010001101101101010011000010010000000000110010110111110111011011011111101000001010001000101000111101011110100001000100
10000000101111101000001101101000001001001110101011010100100000000100110000110011101111101101111100011001011110000100110011000100
10000001110010000001001111111100101001110111111101000011101001111011100111010000110111100010101001111101000000101110101100110010
10111101100001000101010011010111000110110111011001001010010001100001010101000101001110011010100100111101101110010011010011000000
11100101111011001110000110110101010110001111111000000010001101001010000011100010010101100010000100110111100101000010001010010001
01000101101111111101111011100110011101011100011001100100000011100010111011010111111101101111001000011110010101010110001000100010
01111001100110101000010011111011100000010010100000000011101000111001001100110100100111101011001101111001011001011010001100100001
11001011101111011111101100010001101000111000101001011110111111001101110010100000100111100011111001100101111101010001110111001101
01100011101111111110111001110110100101101010100001010110000001011000110011000000101110011011110010000001010010011100100001111100
00101111011001110111010011001001011110010110001000000001101001111000111101111011011010110011010110101010101100010011010010111100
01110011100111011001111011000000010001110001110010101000100011010010001000111110100110101000111110010111100010010001110010001101
10011001011010110111011011010001001001110011001110011010101001110010001000010101101000000001110101001101000010001101111011101101
00111101010110001000110011100110101010011010011111110011101010000010011110111001110011110111110011010101000100001001010001100100
00101011011011010000000011011011010011111010001001001010110001000001100000100000001100001001100000100001011000000111111111010010
10010100000001000010101101000101110001001111011011011101101110001001111000100101010100110001000110001011001010011011101101110101
11111001100000010101111110011100011100010010011101011110111001100010001001010101100001011101010011101000111001111111111001100111
10100000110101100011001011110011000000010010100000100110001000001001011010110110101010010100000100001111100111011111110100100110
10111001000110001110001100111111100000100001001001001011010000110111111111010110000100101101110001110001001000000000011101001001
01101101011011000000110010001011101001000100100110100101001100011101101111101110011001100010010110000111010001000101111111100111
10111110010000110101110001011000000111110110001001111111000101001010111100101101010101111101001101110000101011111111000011101110
01101000010111000111101110101001101100101010110010100011001010100110110011100101110111000001011001010001111100101111001001100101
00000011100001000111101111110100110111011110010101001110011000001010101110111100000101100011011100010101011101100110100111011111
01000100010101101100111000011101010000101111010100111100101010011011001111000010111001011010011111011101011010001011110110111101
00010100011101011111010011110000000010110010111100000001100000001010100101110000100101001101101010100110000000011001111001110101
11100000000010000010110100101110000001001010010010011101110001000100001100001010011100111110000011111000000111111111101010010101
01011111100011000101110010101111001110000010010000011011001000100001100111110010011010100000011101011000101101100000010110101011
11010111111100101001100100100010101110101011000100101111101001011110100101001000110001101101000111101111000100111111011101001110
00101011010110001000111110101011001101010000000000010101111010010101000110110111010011100010111100010001011100000001111000011100
11101110001011111101111101010010100111110001110000111001101010001010100100011001011001110011111011011000011111101001110100011011
11000000100111101110000000110001000010000010100010100100101000100101010011010111101110110010001101000000011000111100111110101011
01100100010001110111010010000110001001001011000001000000000110100000011110010000101001010001011100101010010110100000001011111101
10100001100001000110100001010001011110000001101110111111110100101010010110010100001110000000010110101111110100100010110110111101
11110001101100011110111000011001010010000100101010000110111110011001001011001011011010001011010110010011100101000111010111011110
11001111110100011101001001110010010111001001000011111011010010011010011101001100001101100111111100101011110000000001111100000110
10011100001111111100001100101001000110001110001000000010001101010001101010001101101101001100001011000101001111010100001011001100
00000000011011110111001111110010001001010111000110010110001000010111000111001110110101101000101100000010100011100110010110100000
10111010011100101101000100010011001110010110101011110110111011111010110101111011000011010011101010101111000111011110011110001110
10001111110001110000011100011111111001110101010000100010011000111011100000100110000001011111101000101101011000000001100011001101
11101111011111101010011001010101000111000110000101010110011001111101111100110101000011010111110000111010001101000011111110001000
10100001110110110001010101111110111011101110111111011001110110101000011100111001100011100011010110110000110010111010110110111100
11010001001101011010101000111111010000100111000100110010101010110000010101001011000011001100000000001010110100000111011010010010
01001000101100011101001100000101001101001110111001011101111001110000100000011100101011010111100100111011000110100010011000110100
00110000001011011111000101001101110100100001111100011001000110000010000011000110101001000011010011010101001011001011110111111100
00001011011100110001101000011011010011110100101100000100101001010010101010000010000011111010111010010110110110010001110110111011
01000100011011110101010011101011110100111110001000001000010110101100111100110110111001001010001011010101110101011111011100001100
00101110110110101011001001010100110110101110100011011110011001001010000001010101000011010111111010000000100110000001100011100001
00100110011110110100100111111001001110111010001101111100001100000111001110010100110000100010011010011100101100011010000110111000
10101000011011111110111010011010010110111001010101100000101000001010000110011000100000011111110111110111110100110111110000001011
10010101100111010000110010000110101110100111101101110011010101101011001101011101100100101110000011110000111001111011000111110111
10011110001010010100100001101110111000100011010101111111101010010110101100011101010111101001100111100010011101001000110110000011
11111000111010000000101101101110000100111110100100100010100011111111101010100101011000110100111000011110101001100000010010001001
00011101011000000010010111101111011101000100100111110001111000101000100101111010101001110111111111110100001000011011111000111001
01001001011000010101011000011001001111010000001010101101101011110001100000000000000110101010101111001100110011011000010111110001
11110011111001111110101011111001100101010011100110100011101101011001110111001111101110001111111011000001000111000011001111100010
11001011111011111000011000010110010001111010001111110111100011000000111001001110010101011011111111010110000010001011010110001111
01011111101100110000100000000110111001101111100100010011011000111011111000110100101000111010001111000010001101110110101101101010
10110010001001000101000011100011001000101011111101101110101100010110000111000101011000010101110101100011111001110011110111000000
01101011001000100011001111110110100011111011010111011100101111101110001111110101011001011001111000101000111100101001111111001101
01010011101100110011100010000000001000110001010011001001101111111011000010110001100100011100111010010001111111011001101011001110
11011010101110000011001101010111011110010101101000101111010101001100101111011111001111000011111011101001000101101011111010101010
00110100100111111001111010100010000010101100011101010101110011011010100010010010111011100101010110100000011010000001101010101010
01101101000100000010010011001101010110110111111011000001101111001010101110011011111111001110000100110110111110001110010100110000
00001100011011000000111011111111111000111011011010111010101010110110101010110111100011001111100111000111000011100001101110011000
10110000000001001111100110000001111111100100000011111100100101010100110100110110001111001011111011001011000011011100000111101000
10000100101001111101001100110011010100110010000110010100101100101111110111011001010001101011101011000001001101000101011100011110
01100100111100111101110110001110100110101010001111000011010011001010100001011100011010000001101000010000101000001110010010100001
00000001101101111011101000010000000010100010001111001111110100101110100011011000101010101011000111101100011011001100110111001010
11110111011101101100111000000000111110011110100000011010000000010101010101110110001100100100011000101101111110110000000111110110
10100111000111011101100010011100010001100101000110001110110000001001111101000111100011100100101001111011010001101100010000110010
10001101001110110110101100110011110000110001010000110010001001110111100100111111101100000100000111010000011111001100100111001010
